Sensor0	Sensor1	Sensor2 AvgTemp



23.7049	23.9996	23.8939	23.8661

23.7143	24.0069	23.9019	23.8743

23.7010	23.9965	23.8905	23.8626

23.6912	23.9890	23.8821	23.8541

23.6992	23.9952	23.8890	23.8611

23.6868	23.9856	23.8784	23.8502

23.7503	24.0347	23.9327	23.9059

23.7228	24.0134	23.9092	23.8818

23.6826	23.9823	23.8748	23.8465

23.6619	23.9664	23.8571	23.8284

23.6507	23.9577	23.8475	23.8186

23.6827	23.9824	23.8749	23.8466

23.7034	23.9984	23.8926	23.8648

23.7132	24.0060	23.9009	23.8733

23.6830	23.9826	23.8751	23.8469

23.6977	23.9940	23.8877	23.8598

23.6721	23.9742	23.8659	23.8374

23.6697	23.9724	23.8638	23.8353

23.6998	23.9956	23.8895	23.8616

23.7230	24.0136	23.9093	23.8819

23.7231	24.0136	23.9094	23.882

23.6623	23.9666	23.8575	23.8288

23.7080	24.0020	23.8965	23.8688

23.7033	23.9983	23.8925	23.8647

23.6783	23.9790	23.8711	23.8428

23.6743	23.9759	23.8677	23.8393

23.6861	23.9850	23.8778	23.8496

23.7160	24.0081	23.9033	23.8758

23.6830	23.9826	23.8751	23.8469

23.7315	24.0202	23.9166	23.8894

23.7050	23.9997	23.8940	23.8662

23.7444	24.0302	23.9277	23.9007

23.7054	24.0000	23.8943	23.8665

23.6748	23.9763	23.8682	23.8397

23.7207	24.0118	23.9074	23.8799

23.6969	23.9934	23.8871	23.8591

23.7338	24.0219	23.9185	23.8914

23.7090	24.0028	23.8974	23.8697

23.6940	23.9912	23.8846	23.8566

23.7740	24.0530	23.9529	23.9266

23.6912	23.9890	23.8821	23.8541

23.7515	24.0356	23.9337	23.9069

23.7549	24.0383	23.9366	23.9099

23.7503	24.0347	23.9327	23.9059

23.7315	24.0202	23.9166	23.8894

23.7603	24.0424	23.9412	23.9146

23.7647	24.0458	23.9450	23.9185

23.7595	24.0418	23.9406	23.9139

23.7382	24.0253	23.9223	23.8952

23.7324	24.0209	23.9174	23.8902

23.7191	24.0106	23.9060	23.8785

23.7491	24.0337	23.9316	23.9048

23.7729	24.0522	23.9520	23.9257

23.7874	24.0634	23.9644	23.9384

23.7430	24.0290	23.9264	23.8994

23.7723	24.0517	23.9515	23.9251

23.7748	24.0537	23.9536	23.9273

23.7837	24.0605	23.9612	23.9351

23.7731	24.0523	23.9522	23.9258

23.7647	24.0458	23.9450	23.9185

23.7633	24.0447	23.9438	23.9172

23.8159	24.0854	23.9888	23.9633

23.7897	24.0652	23.9664	23.9404

23.8031	24.0755	23.9778	23.9521

23.7687	24.0489	23.9484	23.922

23.8108	24.0815	23.9844	23.9589

23.8251	24.0925	23.9966	23.9714

23.8354	24.1004	24.0054	23.9804

23.8479	24.1101	24.0161	23.9913

23.7906	24.0659	23.9671	23.9412

23.8226	24.0906	23.9944	23.9692

23.7968	24.0706	23.9724	23.9466

23.8050	24.0769	23.9794	23.9537

23.8157	24.0853	23.9886	23.9632

23.8269	24.0939	23.9981	23.9729

23.8372	24.1019	24.0069	23.982

23.8397	24.1038	24.0091	23.9842

23.8559	24.1163	24.0229	23.9983

23.8439	24.1071	24.0127	23.9879

23.8643	24.1228	24.0301	24.0057

23.8948	24.1464	24.0562	24.0324

23.8583	24.1182	24.0249	24.0004

23.8910	24.1435	24.0529	24.0291

23.9092	24.1575	24.0685	24.045

23.8724	24.1291	24.0370	24.0128

23.9232	24.1683	24.0804	24.0573

23.9134	24.1608	24.0721	24.0487

23.9631	24.1992	24.1145	24.0922

23.9256	24.1702	24.0824	24.0594

23.9121	24.1598	24.0709	24.0476

23.9501	24.1892	24.1034	24.0809

23.9524	24.1909	24.1054	24.0829

23.9947	24.2236	24.1415	24.1199

23.9962	24.2247	24.1428	24.1212

23.9977	24.2259	24.1441	24.1225

24.0114	24.2365	24.1558	24.1345

24.0192	24.2425	24.1624	24.1413

24.0222	24.2448	24.1650	24.144

24.0298	24.2507	24.1715	24.1506

24.0617	24.2754	24.1987	24.1786

24.1167	24.3179	24.2458	24.2268

24.0844	24.2930	24.2182	24.1985

24.0852	24.2935	24.2188	24.1991

24.0951	24.3012	24.2273	24.2078

24.0656	24.2784	24.2021	24.182

24.1296	24.3279	24.2568	24.2381

24.1020	24.3065	24.2332	24.2139

24.1340	24.3312	24.2605	24.2419

24.1664	24.3563	24.2882	24.2703

24.1452	24.3399	24.2700	24.2517

24.1853	24.3709	24.3043	24.2868

24.1475	24.3417	24.2720	24.2537

24.1753	24.3632	24.2958	24.2781

24.1480	24.3421	24.2725	24.2542

24.1439	24.3389	24.2690	24.2506

24.1637	24.3542	24.2859	24.2679

24.1933	24.3771	24.3112	24.2938

24.1910	24.3753	24.3092	24.2918

24.1965	24.3795	24.3139	24.2966

24.1683	24.3578	24.2898	24.2719

24.2132	24.3925	24.3282	24.3113

24.2105	24.3904	24.3259	24.3089

24.1954	24.3787	24.3130	24.2957

24.1933	24.3771	24.3112	24.2938

24.2441	24.4163	24.3546	24.3383

24.2586	24.4275	24.3669	24.351

24.2697	24.4361	24.3764	24.3607

24.2463	24.4181	24.3565	24.3403

24.2806	24.4445	24.3857	24.3702

24.2735	24.4391	24.3797	24.3641

24.2786	24.4430	24.3840	24.3685

24.2769	24.4417	24.3826	24.367

24.3655	24.5101	24.4583	24.4446

24.3574	24.5039	24.4514	24.4375

24.3235	24.4777	24.4224	24.4078

24.3086	24.4661	24.4096	24.3947

24.3920	24.5306	24.4809	24.4678

24.3869	24.5266	24.4765	24.4633

24.4079	24.5429	24.4945	24.4817

24.3724	24.5154	24.4641	24.4506

24.3960	24.5337	24.4843	24.4713

24.3941	24.5322	24.4827	24.4696

24.4017	24.5381	24.4892	24.4763

24.4211	24.5530	24.5057	24.4932

24.4080	24.5430	24.4946	24.4818

24.4281	24.5585	24.5117	24.4994

24.4227	24.5543	24.5071	24.4947

24.4666	24.5882	24.5446	24.5331

24.4698	24.5907	24.5474	24.5359

24.4740	24.5939	24.5509	24.5396

24.4867	24.6037	24.5617	24.5507

24.5742	24.6713	24.6365	24.6273

24.5020	24.6156	24.5748	24.5641

24.5576	24.6585	24.6223	24.6128

24.5805	24.6762	24.6419	24.6328

24.5666	24.6654	24.6300	24.6206

24.5673	24.6659	24.6306	24.6212

24.5276	24.6353	24.5967	24.5865

24.5558	24.6571	24.6207	24.6112

24.5650	24.6642	24.6287	24.6193

24.6120	24.7005	24.6688	24.6604

24.6004	24.6915	24.6589	24.6502

24.6280	24.7128	24.6824	24.6744

24.5835	24.6785	24.6444	24.6354

24.6441	24.7253	24.6962	24.6885

24.6489	24.7290	24.7002	24.6927

24.6701	24.7453	24.7183	24.7112

24.6723	24.7470	24.7202	24.7131

24.6793	24.7525	24.7263	24.7193

24.6984	24.7672	24.7425	24.736

24.7039	24.7715	24.7472	24.7408

24.6975	24.7665	24.7418	24.7352

24.7401	24.7994	24.7781	24.7725

24.7737	24.8253	24.8068	24.8019

24.7617	24.8161	24.7966	24.7914

24.7461	24.8040	24.7833	24.7778

24.7670	24.8202	24.8011	24.7961

24.8383	24.8752	24.8619	24.8584

24.8087	24.8524	24.8367	24.8326

24.8135	24.8560	24.8408	24.8367

24.8226	24.8631	24.8486	24.8447

24.8392	24.8759	24.8628	24.8593

24.8607	24.8924	24.8810	24.878

24.8953	24.9192	24.9107	24.9084

24.8897	24.9149	24.9059	24.9035

24.9083	24.9292	24.9217	24.9197

24.8921	24.9167	24.9079	24.9055

24.9054	24.9270	24.9193	24.9172

24.8948	24.9188	24.9102	24.9079

24.9025	24.9247	24.9168	24.9146

24.8786	24.9063	24.8963	24.8937

24.9607	24.9697	24.9665	24.9656

24.9546	24.9650	24.9613	24.9603

25.0160	25.0123	25.0136	25.0139

25.0065	25.0050	25.0055	25.0056

24.9783	24.9832	24.9815	24.981

24.9954	24.9965	24.9961	24.996

25.0827	25.0638	25.0706	25.0723

25.0310	25.0239	25.0265	25.0271

25.0479	25.0370	25.0409	25.0419

25.0903	25.0697	25.0771	25.079

25.0779	25.0601	25.0665	25.0681

25.0628	25.0485	25.0536	25.0549

25.0058	25.0045	25.0050	25.0051

25.0757	25.0584	25.0646	25.0662

25.0746	25.0575	25.0636	25.0652

25.0376	25.0290	25.0321	25.0329

25.1017	25.0785	25.0868	25.089

25.1077	25.0831	25.0919	25.0942

25.0894	25.0690	25.0763	25.0782

25.1198	25.0924	25.1022	25.1048

25.1354	25.1045	25.1156	25.1185

25.1438	25.1110	25.1228	25.1258

25.1963	25.1514	25.1675	25.1717

25.1749	25.1349	25.1493	25.153

25.1724	25.1330	25.1471	25.1508

25.2085	25.1609	25.1779	25.1824

25.1784	25.1376	25.1522	25.156

25.2287	25.1764	25.1952	25.2001

25.1985	25.1531	25.1694	25.1736

25.2741	25.2115	25.2339	25.2398

25.2968	25.2290	25.2533	25.2597

25.3197	25.2466	25.2728	25.2797

25.3761	25.2901	25.3209	25.329

25.4572	25.3527	25.3902	25.4

25.4573	25.3528	25.3903	25.4001

25.4843	25.3736	25.4132	25.4237

25.5092	25.3928	25.4345	25.4455

25.5414	25.4176	25.4620	25.4736

25.3741	25.2886	25.3193	25.3273

25.6061	25.4675	25.5172	25.5302

25.4391	25.3387	25.3747	25.3841

25.7149	25.5514	25.6100	25.6254

25.5404	25.4169	25.4611	25.4728

25.5962	25.4599	25.5087	25.5216

25.6328	25.4881	25.5399	25.5536

25.7185	25.5542	25.6131	25.6286

25.7239	25.5583	25.6176	25.6332

25.7199	25.5552	25.6142	25.6297

25.7295	25.5626	25.6224	25.6381

25.7328	25.5652	25.6253	25.6411

25.8094	25.6242	25.6905	25.708

25.8097	25.6245	25.6909	25.7083

25.8259	25.6370	25.7047	25.7225

25.8045	25.6204	25.6864	25.7037

25.8313	25.6411	25.7092	25.7272

25.8437	25.6506	25.7198	25.738

25.8499	25.6554	25.7251	25.7434

25.8559	25.6600	25.7302	25.7487

25.8412	25.6488	25.7177	25.7359

25.8461	25.6525	25.7219	25.7401

25.8771	25.6764	25.7483	25.7672

25.8620	25.6648	25.7354	25.754

25.8755	25.6751	25.7469	25.7658

25.8863	25.6835	25.7562	25.7753

25.8989	25.6932	25.7669	25.7863

25.9172	25.7073	25.7825	25.8023

25.9781	25.7542	25.8345	25.8556

25.9528	25.7347	25.8128	25.8334

25.9086	25.7006	25.7751	25.7947

25.9747	25.7516	25.8316	25.8526

25.9697	25.7478	25.8273	25.8482

25.9950	25.7673	25.8489	25.8704

25.9372	25.7227	25.7996	25.8198

25.9487	25.7315	25.8093	25.8298

25.9410	25.7257	25.8028	25.8231

25.9388	25.7239	25.8009	25.8212

25.9939	25.7664	25.8479	25.8694

25.9678	25.7463	25.8256	25.8465

25.9207	25.7099	25.7854	25.8053

25.9579	25.7387	25.8172	25.8379

25.9451	25.7288	25.8063	25.8267

25.8722	25.6726	25.7441	25.7629

25.9523	25.7343	25.8124	25.833

25.9265	25.7145	25.7904	25.8104

25.9356	25.7214	25.7982	25.8184

25.9315	25.7183	25.7947	25.8148

25.9367	25.7223	25.7991	25.8193

25.9260	25.7141	25.7900	25.81

25.9083	25.7004	25.7749	25.7945

25.9581	25.7388	25.8174	25.8381

25.9119	25.7032	25.7780	25.7977

25.9538	25.7355	25.8137	25.8343

25.9830	25.7580	25.8386	25.8598

25.9336	25.7199	25.7965	25.8166

25.9497	25.7324	25.8102	25.8307

25.9277	25.7154	25.7914	25.8115

25.9401	25.7249	25.8020	25.8223

25.9253	25.7136	25.7894	25.8094

25.9309	25.7178	25.7942	25.8143

25.8655	25.6675	25.7384	25.7571

25.9355	25.7214	25.7981	25.8183

25.8854	25.6828	25.7554	25.7745

25.9093	25.7012	25.7758	25.7954

25.9083	25.7004	25.7749	25.7945

25.8999	25.6939	25.7677	25.7871

25.9151	25.7057	25.7807	25.8005

25.8731	25.6733	25.7449	25.7637

25.8781	25.6772	25.7492	25.7681

25.9039	25.6970	25.7711	25.7906

25.8430	25.6501	25.7192	25.7374

25.8971	25.6918	25.7654	25.7847

25.9100	25.7017	25.7764	25.796

25.8588	25.6623	25.7327	25.7512

25.8339	25.6431	25.7115	25.7295

25.8239	25.6354	25.7029	25.7207

25.8381	25.6463	25.7151	25.7331

25.7982	25.6156	25.6811	25.6983

25.7863	25.6064	25.6708	25.6878

25.7650	25.5900	25.6527	25.6692

25.8067	25.6221	25.6883	25.7057

25.8077	25.6229	25.6891	25.7065

25.7748	25.5976	25.6611	25.6778

25.7822	25.6032	25.6673	25.6842

25.7951	25.6132	25.6784	25.6955

25.7329	25.5653	25.6254	25.6412

25.7958	25.6137	25.6790	25.6961

25.6880	25.5307	25.5870	25.6019

25.7662	25.5909	25.6537	25.6702

25.7457	25.5751	25.6362	25.6523

25.7685	25.5927	25.6557	25.6723

25.7521	25.5801	25.6417	25.6579

25.7311	25.5638	25.6238	25.6395

25.7251	25.5593	25.6187	25.6343

25.7425	25.5726	25.6335	25.6495

25.7670	25.5915	25.6544	25.6709

25.7351	25.5669	25.6272	25.643

25.7450	25.5746	25.6357	25.6517

25.7162	25.5524	25.6111	25.6265

25.7150	25.5515	25.6101	25.6255

25.6922	25.5339	25.5906	25.6055

25.6843	25.5278	25.5839	25.5986

25.6780	25.5229	25.5785	25.5931

25.6837	25.5273	25.5834	25.5981

25.6854	25.5286	25.5848	25.5996

25.7065	25.5449	25.6028	25.618

25.6333	25.4885	25.5404	25.554

25.6626	25.5111	25.5654	25.5797

25.6534	25.5039	25.5575	25.5716

25.6312	25.4869	25.5386	25.5522

25.5997	25.4626	25.5117	25.5246

25.6813	25.5255	25.5813	25.596

25.6466	25.4987	25.5517	25.5656

25.6093	25.4700	25.5199	25.533

25.5865	25.4524	25.5004	25.5131

25.5981	25.4614	25.5104	25.5233

25.6294	25.4855	25.5370	25.5506

25.5868	25.4527	25.5007	25.5134

25.5806	25.4478	25.4954	25.5079

25.5838	25.4503	25.4982	25.5107

25.5550	25.4281	25.4736	25.4855

25.5532	25.4267	25.4720	25.4839

25.5435	25.4193	25.4638	25.4755

25.5742	25.4429	25.4900	25.5023

25.4779	25.3686	25.4078	25.4181

25.6624	25.5109	25.5652	25.5795

25.4668	25.3601	25.3983	25.4084

25.6399	25.4936	25.5460	25.5598

25.4771	25.3680	25.4071	25.4174

25.6984	25.5387	25.5959	25.611

25.4636	25.3576	25.3956	25.4056

25.6698	25.5166	25.5715	25.5859

25.5008	25.3863	25.4274	25.4381

25.5503	25.4244	25.4695	25.4814

25.4885	25.3768	25.4168	25.4273

25.5197	25.4009	25.4435	25.4547

25.5074	25.3914	25.4330	25.4439

25.4622	25.3565	25.3944	25.4043

25.4486	25.3460	25.3828	25.3924

25.4343	25.3350	25.3706	25.3799

25.6360	25.4906	25.5427	25.5564

25.3895	25.3005	25.3324	25.3408

25.6049	25.4665	25.5161	25.5291

25.4289	25.3309	25.3660	25.3752

25.6339	25.4889	25.5409	25.5545

25.4473	25.3451	25.3817	25.3913

25.6951	25.5361	25.5931	25.6081

25.4587	25.3538	25.3914	25.4013

25.6735	25.5195	25.5747	25.5892

25.4597	25.3546	25.3923	25.4022

25.6568	25.5065	25.5604	25.5745

25.4794	25.3698	25.4091	25.4194

25.5095	25.3930	25.4347	25.4457

25.4957	25.3823	25.4230	25.4336

25.4644	25.3583	25.3963	25.4063

25.6065	25.4678	25.5175	25.5306

25.4311	25.3325	25.3679	25.3771

25.6116	25.4717	25.5218	25.535

25.4060	25.3132	25.3465	25.3552

25.6211	25.4791	25.5300	25.5434

25.3976	25.3068	25.3393	25.3479

25.6225	25.4801	25.5311	25.5445

25.4452	25.3434	25.3799	25.3895

25.6257	25.4826	25.5339	25.5474

25.4323	25.3334	25.3689	25.3782

25.6433	25.4962	25.5489	25.5628

25.4339	25.3347	25.3703	25.3796

25.6092	25.4699	25.5198	25.5329

25.4708	25.3631	25.4017	25.4118

25.6089	25.4697	25.5196	25.5327

25.4454	25.3436	25.3801	25.3897

25.6400	25.4936	25.5461	25.5599

25.4728	25.3647	25.4035	25.4136

25.6698	25.5166	25.5715	25.5859

25.4621	25.3565	25.3943	25.4043

25.6557	25.5057	25.5595	25.5736

25.4529	25.3493	25.3864	25.3962

25.6590	25.5083	25.5623	25.5765

25.4769	25.3679	25.4069	25.4172

25.6914	25.5333	25.5900	25.6049

25.4872	25.3758	25.4157	25.4262

25.5043	25.3890	25.4303	25.4412

25.5251	25.4051	25.4481	25.4594

25.4870	25.3757	25.4156	25.4261

25.5154	25.3976	25.4398	25.4509

25.4649	25.3586	25.3967	25.4067

25.4881	25.3765	25.4165	25.427

25.4452	25.3434	25.3799	25.3895

25.6287	25.4849	25.5365	25.55

25.4226	25.3260	25.3606	25.3697

25.6210	25.4790	25.5299	25.5433

25.4051	25.3125	25.3457	25.3544

25.6076	25.4686	25.5184	25.5315

25.3624	25.2795	25.3092	25.317

25.6348	25.4896	25.5416	25.5553

25.4542	25.3504	25.3876	25.3974

25.6808	25.5251	25.5809	25.5956

25.3903	25.3011	25.3330	25.3414

25.6336	25.4887	25.5406	25.5543

25.4609	25.3556	25.3933	25.4032

25.6212	25.4791	25.5301	25.5434

25.4682	25.3612	25.3996	25.4096

25.6769	25.5221	25.5776	25.5922

25.4674	25.3605	25.3988	25.4089

25.6692	25.5162	25.5710	25.5854

25.4566	25.3522	25.3896	25.3994

25.7022	25.5416	25.5992	25.6143

25.4972	25.3835	25.4243	25.435

25.5222	25.4028	25.4456	25.4568

25.5040	25.3888	25.4301	25.4409

25.5068	25.3909	25.4324	25.4433

25.4880	25.3764	25.4164	25.4269

25.4962	25.3827	25.4234	25.4341

25.4583	25.3535	25.3911	25.4009

25.4417	25.3407	25.3769	25.3864

25.6056	25.4671	25.5168	25.5298

25.4175	25.3221	25.3563	25.3653

25.5941	25.4582	25.5069	25.5197

25.3976	25.3068	25.3393	25.3479

25.6447	25.4972	25.5501	25.564

25.3771	25.2909	25.3218	25.3299

25.6459	25.4982	25.5511	25.565

25.4151	25.3202	25.3542	25.3631

25.6512	25.5023	25.5557	25.5697

25.4631	25.3572	25.3952	25.4051

25.6824	25.5263	25.5822	25.5969

25.4763	25.3674	25.4064	25.4167

25.6746	25.5203	25.5756	25.5901

25.4811	25.3711	25.4106	25.4209

25.5311	25.4097	25.4532	25.4646

25.4906	25.3784	25.4186	25.4292

25.5354	25.4130	25.4569	25.4684

25.4564	25.3521	25.3895	25.3993

25.4642	25.3581	25.3961	25.4061

25.4721	25.3641	25.4028	25.413

25.6424	25.4955	25.5481	25.562

25.4384	25.3382	25.3741	25.3835

25.6389	25.4927	25.5451	25.5589

25.4699	25.3625	25.4010	25.4111

25.6343	25.4892	25.5412	25.5549

25.4556	25.3515	25.3888	25.3986

25.6370	25.4913	25.5436	25.5573

25.4687	25.3615	25.3999	25.41

25.6954	25.5364	25.5934	25.6084

25.5236	25.4039	25.4468	25.4581

25.4906	25.3784	25.4186	25.4292

25.5042	25.3889	25.4302	25.4411

25.4496	25.3468	25.3837	25.3933

25.5013	25.3867	25.4278	25.4386

25.4421	25.3410	25.3773	25.3868

25.6124	25.4723	25.5225	25.5357

25.4178	25.3223	25.3566	25.3655

25.6324	25.4878	25.5396	25.5532

25.4015	25.3097	25.3426	25.3512

25.6653	25.5132	25.5677	25.582

25.4429	25.3417	25.3779	25.3875

25.6792	25.5238	25.5795	25.5941

25.4919	25.3795	25.4198	25.4304

25.5302	25.4090	25.4524	25.4638

25.5248	25.4048	25.4478	25.4591

25.4963	25.3829	25.4235	25.4342

25.5027	25.3878	25.4290	25.4398

25.4663	25.3597	25.3979	25.4079

25.3990	25.3078	25.3405	25.3491

25.6335	25.4886	25.5406	25.5542

25.3895	25.3005	25.3324	25.3408

25.5904	25.4554	25.5037	25.5165

25.4375	25.3375	25.3733	25.3827

25.5860	25.4520	25.5001	25.5127

25.4135	25.3190	25.3529	25.3618

25.6395	25.4933	25.5457	25.5595

25.4506	25.3476	25.3845	25.3942

25.6481	25.4998	25.5530	25.5669

25.4476	25.3452	25.3819	25.3915

25.6649	25.5128	25.5673	25.5816

25.4781	25.3688	25.4080	25.4183

25.6453	25.4977	25.5506	25.5645

25.4836	25.3731	25.4127	25.4231

25.4953	25.3821	25.4227	25.4333

25.5198	25.4010	25.4436	25.4548

25.5138	25.3963	25.4385	25.4495

25.5304	25.4091	25.4526	25.464

25.4177	25.3222	25.3565	25.3654

25.4668	25.3601	25.3984	25.4084

25.4689	25.3617	25.4001	25.4102

25.5773	25.4453	25.4926	25.505

25.3906	25.3013	25.3333	25.3417

25.6237	25.4811	25.5322	25.5456

25.4075	25.3144	25.3477	25.3565

25.6140	25.4736	25.5239	25.5371

25.3633	25.2803	25.3100	25.3178

25.6268	25.4835	25.5348	25.5483

25.4251	25.3279	25.3627	25.3719

25.6731	25.5191	25.5743	25.5888

25.4338	25.3347	25.3702	25.3795

25.6925	25.5341	25.5909	25.6058

25.4605	25.3552	25.3929	25.4028

25.6876	25.5303	25.5867	25.6015

25.5013	25.3867	25.4278	25.4386

25.4791	25.3696	25.4088	25.4191

25.5066	25.3907	25.4323	25.4432

25.4709	25.3633	25.4019	25.412

25.4632	25.3573	25.3953	25.4052

25.4637	25.3577	25.3957	25.4057

25.4638	25.3578	25.3958	25.4058

25.5649	25.4357	25.4820	25.4942

25.4244	25.3274	25.3622	25.3713

25.5796	25.4470	25.4945	25.507

25.3738	25.2884	25.3190	25.327

25.5877	25.4533	25.5015	25.5141

25.4027	25.3107	25.3437	25.3523

25.5899	25.4550	25.5033	25.516

25.3963	25.3057	25.3382	25.3467

25.6077	25.4687	25.5186	25.5316

25.4181	25.3225	25.3567	25.3657

25.6432	25.4961	25.5488	25.5627

25.4183	25.3227	25.3569	25.3659

25.6478	25.4997	25.5528	25.5667

25.4405	25.3398	25.3759	25.3854

25.7057	25.5443	25.6021	25.6173

25.4088	25.3153	25.3488	25.3576

25.6696	25.5165	25.5714	25.5858

25.3792	25.2925	25.3236	25.3317

25.6621	25.5107	25.5650	25.5792

25.4623	25.3566	25.3945	25.4044

25.6668	25.5143	25.5689	25.5833

25.4607	25.3554	25.3931	25.403

25.6799	25.5244	25.5801	25.5948

25.4164	25.3212	25.3553	25.3643

25.5940	25.4582	25.5068	25.5196

25.4189	25.3231	25.3574	25.3664

25.6110	25.4713	25.5214	25.5345

25.4682	25.3612	25.3995	25.4096

25.6824	25.5263	25.5822	25.5969

25.4291	25.3310	25.3661	25.3754

25.6794	25.5240	25.5797	25.5943

25.4427	25.3415	25.3777	25.3873

25.6659	25.5136	25.5682	25.5825

25.4558	25.3516	25.3890	25.3988

25.6507	25.5019	25.5552	25.5692

25.4819	25.3718	25.4112	25.4216

25.4902	25.3781	25.4183	25.4288

25.4870	25.3757	25.4156	25.4261

25.5314	25.4099	25.4535	25.4649

25.4951	25.3819	25.4225	25.4331

25.4594	25.3543	25.3920	25.4019

25.4773	25.3682	25.4073	25.4176

25.4331	25.3341	25.3696	25.3789

25.4444	25.3428	25.3792	25.3888

25.4271	25.3295	25.3645	25.3737

25.5860	25.4520	25.5001	25.5127

25.3457	25.2667	25.2950	25.3024

25.5826	25.4494	25.4971	25.5097

25.4040	25.3117	25.3447	25.3534

25.5989	25.4619	25.5110	25.5239

25.4221	25.3256	25.3602	25.3693

25.6545	25.5048	25.5585	25.5726

25.4832	25.3727	25.4123	25.4227

25.4810	25.3711	25.4105	25.4208

25.4303	25.3319	25.3672	25.3764

25.6626	25.5111	25.5654	25.5797

25.4457	25.3438	25.3804	25.3899

25.6291	25.4852	25.5368	25.5503

25.4738	25.3655	25.4043	25.4145

25.6393	25.4931	25.5455	25.5593

25.4462	25.3442	25.3808	25.3904

25.6325	25.4878	25.5397	25.5533

25.4645	25.3583	25.3963	25.4063

25.6360	25.4906	25.5427	25.5564

25.6244	25.4816	25.5328	25.5462

25.6896	25.5319	25.5884	25.6033

25.7112	25.5485	25.6069	25.6222

25.6824	25.5263	25.5822	25.5969

25.7272	25.5608	25.6204	25.6361

25.7820	25.6031	25.6672	25.6841

25.7946	25.6128	25.6779	25.6951

25.7787	25.6005	25.6644	25.6812

25.8018	25.6183	25.6840	25.7013

25.7945	25.6127	25.6778	25.695

25.7746	25.5974	25.6609	25.6776

25.8346	25.6437	25.7121	25.7301

25.8376	25.6459	25.7146	25.7327

25.6170	25.4759	25.5265	25.5398

25.8842	25.6819	25.7544	25.7735

25.6378	25.4920	25.5442	25.558

25.8454	25.6520	25.7213	25.7395

25.6292	25.4853	25.5369	25.5504

25.8921	25.6879	25.7611	25.7803

25.8881	25.6849	25.7577	25.7769

25.8891	25.6857	25.7586	25.7778

25.8413	25.6488	25.7178	25.7359

25.9019	25.6955	25.7694	25.7889

25.8790	25.6779	25.7499	25.7689

25.9431	25.7272	25.8046	25.8249

25.8894	25.6858	25.7588	25.778

25.9180	25.7079	25.7832	25.803

25.8931	25.6887	25.7620	25.7812

25.8993	25.6935	25.7672	25.7866

25.9290	25.7164	25.7925	25.8126

25.9102	25.7019	25.7765	25.7962

25.9579	25.7386	25.8172	25.8379

25.9736	25.7508	25.8306	25.8516

25.9957	25.7678	25.8495	25.871

25.9861	25.7604	25.8413	25.8626

25.9708	25.7486	25.8282	25.8492

26.0011	25.7719	25.8540	25.8756

26.0516	25.8109	25.8971	25.9198

26.0318	25.7956	25.8802	25.9025

26.0430	25.8042	25.8898	25.9123

26.0818	25.8341	25.9229	25.9462

26.0993	25.8476	25.9378	25.9615

26.1329	25.8735	25.9664	25.9909

26.1389	25.8781	25.9715	25.9961

26.1484	25.8854	25.9797	26.0045

26.1581	25.8929	25.9879	26.0129

26.2066	25.9302	26.0293	26.0553

26.2061	25.9299	26.0289	26.0549

26.2431	25.9584	26.0604	26.0873

26.2282	25.9469	26.0476	26.0742

26.3061	26.0069	26.1141	26.1423

26.2775	25.9848	26.0897	26.1173

26.2884	25.9933	26.0990	26.1269

26.2889	25.9936	26.0994	26.1273

26.3027	26.0043	26.1112	26.1394

26.3528	26.0429	26.1539	26.1832

26.3428	26.0351	26.1453	26.1744

26.3143	26.0132	26.1211	26.1495

26.3501	26.0408	26.1516	26.1808

26.3352	26.0293	26.1389	26.1678

26.3516	26.0419	26.1528	26.1821

26.3789	26.0629	26.1761	26.2059

26.3696	26.0558	26.1682	26.1978

26.3577	26.0466	26.1581	26.1874

26.4425	26.1119	26.2304	26.2616

26.4581	26.1239	26.2436	26.2752

26.4791	26.1401	26.2615	26.2935

26.2486	25.9626	26.0651	26.0921

26.3196	26.0173	26.1256	26.1541

26.2884	25.9933	26.0990	26.1269

26.2320	25.9498	26.0509	26.0775

26.2150	25.9368	26.0365	26.0627

26.2126	25.9349	26.0344	26.0606

26.1652	25.8984	25.9940	26.0192

26.1474	25.8846	25.9788	26.0036

26.1620	25.8959	25.9912	26.0163

26.0972	25.8460	25.9360	25.9597

26.1189	25.8627	25.9545	25.9787

26.1265	25.8686	25.9610	25.9853

26.0526	25.8116	25.8979	25.9207

26.0604	25.8176	25.9046	25.9275

26.0251	25.7904	25.8745	25.8966

26.0251	25.7904	25.8745	25.8966

25.9940	25.7665	25.8480	25.8695

25.9506	25.7330	25.8110	25.8315

26.0087	25.7778	25.8605	25.8823

25.9789	25.7548	25.8351	25.8562

25.9696	25.7477	25.8272	25.8481

25.9628	25.7424	25.8214	25.8422

25.9869	25.7610	25.8420	25.8633

25.9663	25.7451	25.8244	25.8452

25.9579	25.7386	25.8172	25.8379

25.9408	25.7255	25.8026	25.8229

25.9523	25.7343	25.8125	25.833

25.9636	25.7430	25.8221	25.8429

26.0003	25.7713	25.8533	25.8749

25.9571	25.7380	25.8165	25.8372

25.9667	25.7454	25.8247	25.8456

25.9385	25.7237	25.8007	25.8209

26.0063	25.7759	25.8585	25.8802

25.9497	25.7323	25.8102	25.8307

25.9105	25.7021	25.7768	25.7964

25.8759	25.6755	25.7473	25.7662

25.9193	25.7089	25.7843	25.8041

25.8696	25.6706	25.7419	25.7607

25.9025	25.6959	25.7699	25.7894

25.8740	25.6740	25.7457	25.7645

25.8527	25.6576	25.7275	25.7459

25.9014	25.6951	25.7691	25.7885

25.8094	25.6242	25.6905	25.708

25.8787	25.6776	25.7496	25.7686

25.8144	25.6280	25.6948	25.7124

25.8156	25.6290	25.6959	25.7135

25.7982	25.6156	25.6810	25.6982

25.8039	25.6200	25.6859	25.7032

25.8030	25.6193	25.6851	25.7024

25.7577	25.5844	25.6465	25.6628

25.7210	25.5561	25.6152	25.6307

25.8021	25.6186	25.6843	25.7016

25.7754	25.5980	25.6615	25.6783

25.7604	25.5864	25.6487	25.6651

25.7640	25.5892	25.6518	25.6683

25.7499	25.5783	25.6398	25.656

25.7638	25.5890	25.6517	25.6681

25.7696	25.5935	25.6566	25.6732

25.7483	25.5771	25.6385	25.6546

25.6804	25.5248	25.5806	25.5952

25.7257	25.5597	25.6192	25.6348

25.7117	25.5489	25.6072	25.6226

25.6921	25.5338	25.5906	25.6055

25.7202	25.5555	25.6145	25.63

25.5826	25.4494	25.4971	25.5097

25.6119	25.4720	25.5221	25.5353

25.5775	25.4455	25.4928	25.5052

25.5450	25.4204	25.4651	25.4768

25.5908	25.4557	25.5041	25.5168

25.5208	25.4017	25.4444	25.4556

25.5361	25.4135	25.4574	25.469

25.5037	25.3886	25.4298	25.4407

25.5402	25.4167	25.4609	25.4726

25.5234	25.4037	25.4466	25.4579

25.5414	25.4176	25.4620	25.4736

25.5181	25.3997	25.4421	25.4533

25.5221	25.4027	25.4455	25.4567

25.5154	25.3976	25.4398	25.4509

25.5366	25.4139	25.4579	25.4694

25.4729	25.3648	25.4035	25.4137

25.4983	25.3844	25.4252	25.4359

25.5327	25.4109	25.4545	25.466

25.4278	25.3300	25.3651	25.3743

25.5245	25.4046	25.4476	25.4589

25.4962	25.3828	25.4234	25.4341

25.4581	25.3534	25.3909	25.4008

25.5374	25.4146	25.4586	25.4702

25.4479	25.3455	25.3822	25.3918

25.4217	25.3253	25.3598	25.3689

25.3781	25.2917	25.3227	25.3308

25.3279	25.2530	25.2798	25.2869

25.3793	25.2926	25.3237	25.3318

25.4429	25.3417	25.3779	25.3875

25.3991	25.3079	25.3406	25.3492

25.4143	25.3196	25.3536	25.3625

25.4195	25.3236	25.3580	25.367

25.4054	25.3127	25.3459	25.3546

25.3979	25.3069	25.3395	25.3481

25.3948	25.3046	25.3369	25.3454

25.4049	25.3123	25.3455	25.3542

25.3924	25.3027	25.3349	25.3433

25.3449	25.2661	25.2943	25.3017

25.3419	25.2637	25.2917	25.2991

25.3102	25.2393	25.2647	25.2714

25.2897	25.2235	25.2472	25.2534

25.2689	25.2074	25.2294	25.2352

25.2661	25.2053	25.2271	25.2328

25.2976	25.2296	25.2540	25.2604

25.2697	25.2080	25.2301	25.2359

25.2528	25.1950	25.2157	25.2211

25.2046	25.1579	25.1746	25.179

25.1817	25.1402	25.1551	25.159

25.1916	25.1478	25.1635	25.1676

25.1219	25.0940	25.1040	25.1066

25.1708	25.1317	25.1457	25.1494

25.1116	25.0861	25.0952	25.0976

25.0998	25.0770	25.0852	25.0873

25.0831	25.0641	25.0710	25.0727

25.0292	25.0225	25.0249	25.0255

25.0417	25.0322	25.0356	25.0365

25.0282	25.0217	25.0240	25.0246

25.0308	25.0237	25.0262	25.0269

25.0103	25.0079	25.0088	25.009

25.0053	25.0041	25.0045	25.0046

24.9915	24.9934	24.9927	24.9925

24.9668	24.9744	24.9717	24.9709

25.0384	25.0297	25.0328	25.0336

24.9465	24.9587	24.9543	24.9531

24.9358	24.9504	24.9452	24.9438

24.9497	24.9611	24.9570	24.9559

25.0074	25.0057	25.0064	25.0065

24.9465	24.9587	24.9543	24.9531

24.9410	24.9544	24.9496	24.9483

24.9129	24.9328	24.9257	24.9238

24.8510	24.8850	24.8728	24.8696

24.8778	24.9057	24.8957	24.893

24.8602	24.8921	24.8807	24.8776

24.8534	24.8868	24.8748	24.8716

24.8179	24.8594	24.8445	24.8406

24.8488	24.8833	24.8710	24.8677

24.8483	24.8829	24.8705	24.8672

24.8104	24.8537	24.8382	24.8341

24.8062	24.8504	24.8346	24.8304

24.7306	24.7920	24.7700	24.7642

24.7937	24.8408	24.8239	24.8194

24.7816	24.8314	24.8136	24.8088

24.7590	24.8140	24.7943	24.7891

24.7808	24.8308	24.8129	24.8081

24.7109	24.7769	24.7532	24.747

24.7320	24.7932	24.7713	24.7655

24.7650	24.8186	24.7994	24.7943

24.7482	24.8056	24.7850	24.7796

24.7205	24.7843	24.7614	24.7554

24.7517	24.8083	24.7880	24.7826

24.7130	24.7784	24.7550	24.7488

24.7232	24.7864	24.7637	24.7577

24.7012	24.7694	24.7449	24.7385

24.6737	24.7481	24.7214	24.7144

24.7090	24.7754	24.7516	24.7453

24.6835	24.7557	24.7298	24.723

24.6889	24.7599	24.7344	24.7277

24.6833	24.7555	24.7296	24.7228

24.6443	24.7255	24.6964	24.6887

24.6125	24.7009	24.6692	24.6608

24.6609	24.7383	24.7105	24.7032

24.6027	24.6933	24.6608	24.6522

24.6660	24.7422	24.7149	24.7077

24.6738	24.7482	24.7215	24.7145

24.6159	24.7035	24.6721	24.6638

24.6079	24.6973	24.6653	24.6568

24.6219	24.7081	24.6772	24.669

24.6019	24.6927	24.6601	24.6515

24.6657	24.7419	24.7146	24.7074

24.5983	24.6899	24.6571	24.6484

24.6151	24.7029	24.6714	24.6631

24.6131	24.7013	24.6697	24.6613

24.6862	24.7578	24.7321	24.7253

24.6036	24.6940	24.6616	24.653

24.6168	24.7042	24.6729	24.6646

24.6170	24.7044	24.6731	24.6648

24.5780	24.6742	24.6397	24.6306

24.6018	24.6926	24.6601	24.6515

24.6174	24.7046	24.6733	24.6651

24.6160	24.7036	24.6722	24.6639

24.6416	24.7234	24.6941	24.6863

24.6556	24.7342	24.7060	24.6986

24.5756	24.6724	24.6377	24.6285

24.6129	24.7011	24.6695	24.6611

24.6111	24.6998	24.6680	24.6596

24.5880	24.6820	24.6483	24.6394

24.5922	24.6852	24.6519	24.6431

24.5386	24.6438	24.6061	24.5961

24.6263	24.7115	24.6810	24.6729

24.6081	24.6975	24.6654	24.657

24.6009	24.6919	24.6593	24.6507

24.5734	24.6707	24.6358	24.6266

24.5895	24.6831	24.6496	24.6407

24.6179	24.7051	24.6738	24.6656

24.5791	24.6751	24.6407	24.6316

24.5618	24.6617	24.6259	24.6164

24.5344	24.6405	24.6025	24.5924

24.5181	24.6280	24.5886	24.5782

24.5478	24.6509	24.6139	24.6042

24.5110	24.6225	24.5825	24.572

24.4435	24.5704	24.5249	24.5129

24.4754	24.5950	24.5521	24.5408

24.4926	24.6083	24.5668	24.5559

24.4525	24.5773	24.5326	24.5208

24.4621	24.5847	24.5407	24.5291

24.4137	24.5474	24.4995	24.4868

24.4345	24.5634	24.5172	24.505

24.4002	24.5369	24.4879	24.475

24.4089	24.5436	24.4953	24.4826

24.4160	24.5491	24.5014	24.4888

24.3909	24.5297	24.4799	24.4668

24.3930	24.5314	24.4818	24.4687

24.3556	24.5025	24.4498	24.4359

24.3650	24.5097	24.4578	24.4441

24.3135	24.4699	24.4138	24.399

24.3299	24.4826	24.4279	24.4134

24.3186	24.4739	24.4182	24.4035

24.3490	24.4973	24.4441	24.4301

24.3759	24.5181	24.4671	24.4537

24.3066	24.4646	24.4080	24.393

24.3465	24.4954	24.4420	24.4279

24.3299	24.4826	24.4279	24.4134

24.2741	24.4395	24.3802	24.3646

24.2962	24.4565	24.3990	24.3839

24.3293	24.4821	24.4273	24.4129

24.2886	24.4507	24.3926	24.3773

24.2982	24.4581	24.4008	24.3857

24.2745	24.4398	24.3806	24.3649

24.2672	24.4342	24.3743	24.3585

24.2821	24.4457	24.3870	24.3716

24.2357	24.4098	24.3474	24.3309

24.2538	24.4238	24.3629	24.3468

24.2216	24.3990	24.3354	24.3186

24.2309	24.4061	24.3433	24.3267

24.2599	24.4285	24.3681	24.3521

24.2208	24.3984	24.3347	24.3179

24.2317	24.4067	24.3439	24.3274

24.2798	24.4439	24.3851	24.3696

24.1893	24.3740	24.3078	24.2903

24.2109	24.3907	24.3262	24.3092

24.1761	24.3638	24.2964	24.2787

24.1913	24.3755	24.3094	24.292

24.2054	24.3865	24.3215	24.3044

24.2211	24.3985	24.3349	24.3181

24.2035	24.3850	24.3199	24.3028

24.1734	24.3617	24.2941	24.2764

24.1114	24.3138	24.2412	24.2221

24.1316	24.3294	24.2585	24.2398

24.1218	24.3219	24.2501	24.2312

24.1784	24.3656	24.2985	24.2808

24.1560	24.3483	24.2793	24.2612

24.1268	24.3257	24.2544	24.2356

24.1486	24.3426	24.2730	24.2547

24.1477	24.3419	24.2722	24.2539

24.0802	24.2897	24.2146	24.1948

24.1441	24.3391	24.2692	24.2508

24.1581	24.3499	24.2811	24.263

24.1532	24.3461	24.2769	24.2587

24.1574	24.3493	24.2805	24.2624

24.1467	24.3411	24.2714	24.253

24.1712	24.3600	24.2923	24.2745

24.1806	24.3672	24.3003	24.2827

24.1287	24.3272	24.2560	24.2373

24.1678	24.3574	24.2894	24.2715

24.1962	24.3793	24.3137	24.2964

24.1511	24.3445	24.2751	24.2569

24.1909	24.3752	24.3091	24.2917

24.1619	24.3528	24.2843	24.2663

24.1761	24.3638	24.2964	24.2787

24.1334	24.3308	24.2600	24.2414

24.0915	24.2984	24.2242	24.2047

24.1412	24.3368	24.2667	24.2482

24.0937	24.3001	24.2261	24.2066

24.1276	24.3263	24.2550	24.2363

24.0997	24.3047	24.2312	24.2118

24.1331	24.3306	24.2597	24.2411

24.1005	24.3054	24.2319	24.2126

24.0697	24.2815	24.2056	24.1856

24.0861	24.2942	24.2196	24.1999

24.0889	24.2964	24.2220	24.2024

24.0642	24.2773	24.2008	24.1807

24.0830	24.2919	24.2170	24.1973

24.0680	24.2802	24.2041	24.1841

24.0450	24.2625	24.1845	24.164

24.0472	24.2642	24.1863	24.1659

24.0563	24.2712	24.1941	24.1738

24.0328	24.2530	24.1740	24.1532

24.0511	24.2672	24.1897	24.1693

23.9921	24.2216	24.1393	24.1176

24.0016	24.2290	24.1474	24.126

24.0221	24.2448	24.1649	24.1439

24.0387	24.2577	24.1791	24.1585

24.0084	24.2342	24.1532	24.1319

24.0164	24.2404	24.1600	24.1389

23.9580	24.1953	24.1102	24.0878

23.9385	24.1802	24.0935	24.0707

23.9867	24.2174	24.1347	24.1129

23.9714	24.2056	24.1216	24.0995

24.0050	24.2316	24.1503	24.1289

23.9613	24.1978	24.1130	24.0907

24.0095	24.2351	24.1542	24.1329

23.9543	24.1924	24.1070	24.0845

23.9654	24.2009	24.1164	24.0942

23.9047	24.1540	24.0646	24.0411

23.9402	24.1815	24.0949	24.0722

23.9878	24.2183	24.1356	24.1139

23.9528	24.1912	24.1057	24.0832

23.9185	24.1647	24.0764	24.0532

23.9380	24.1798	24.0931	24.0703

23.9550	24.1929	24.1076	24.0851

23.9394	24.1809	24.0943	24.0715

23.9705	24.2049	24.1209	24.0987

23.9715	24.2057	24.1217	24.0996

23.9645	24.2002	24.1157	24.0934

23.9476	24.1872	24.1013	24.0787

23.9796	24.2120	24.1286	24.1067

23.9512	24.1900	24.1043	24.0818

23.9263	24.1707	24.0830	24.06

23.8869	24.1403	24.0494	24.0255

23.9029	24.1526	24.0631	24.0395

23.8921	24.1443	24.0538	24.03

23.9013	24.1514	24.0617	24.0381

23.9215	24.1671	24.0790	24.0558

23.9379	24.1797	24.0930	24.0702

23.8783	24.1336	24.0420	24.0179

23.9215	24.1671	24.0790	24.0558

23.8801	24.1350	24.0436	24.0195

23.8966	24.1478	24.0577	24.034

23.8780	24.1334	24.0418	24.0177

23.8967	24.1479	24.0578	24.0341

23.8613	24.1205	24.0276	24.0031

23.9241	24.1691	24.0812	24.0581

23.9160	24.1628	24.0743	24.051

23.8910	24.1434	24.0529	24.0291

23.8766	24.1323	24.0406	24.0165

23.8214	24.0896	23.9934	23.9681

23.8567	24.1170	24.0236	23.9991

23.8669	24.1249	24.0324	24.008

23.9210	24.1666	24.0785	24.0553

23.8535	24.1144	24.0208	23.9962

23.8473	24.1097	24.0156	23.9908

23.8146	24.0844	23.9876	23.9622

23.8575	24.1176	24.0243	23.9998

23.8025	24.0750	23.9773	23.9516

23.7917	24.0667	23.9681	23.9421

23.7775	24.0557	23.9559	23.9297

23.7915	24.0665	23.9679	23.9419

23.7958	24.0698	23.9715	23.9457

23.7806	24.0581	23.9586	23.9324

23.7976	24.0712	23.9731	23.9473

23.7770	24.0553	23.9555	23.9292

23.8156	24.0852	23.9885	23.9631

23.7292	24.0184	23.9146	23.8874

23.7861	24.0624	23.9633	23.9372

23.7740	24.0530	23.9529	23.9266

23.7440	24.0298	23.9273	23.9003

23.7808	24.0583	23.9588	23.9326

23.7804	24.0579	23.9584	23.9322

23.7042	23.9990	23.8933	23.8655

23.7348	24.0227	23.9194	23.8923

23.7827	24.0598	23.9604	23.9343

23.7842	24.0609	23.9616	23.9355

23.7548	24.0382	23.9365	23.9098

23.7422	24.0284	23.9258	23.8988

23.7568	24.0397	23.9382	23.9115

23.7352	24.0230	23.9197	23.8926

23.7074	24.0015	23.8960	23.8683

23.7143	24.0068	23.9019	23.8743

23.7102	24.0037	23.8984	23.8707

23.7106	24.0040	23.8987	23.8711

23.6619	23.9663	23.8571	23.8284

23.6490	23.9564	23.8461	23.8171

23.6130	23.9285	23.8153	23.7856

23.6433	23.9519	23.8412	23.8121

23.6888	23.9871	23.8801	23.852

23.6473	23.9551	23.8447	23.8157

23.6332	23.9441	23.8326	23.8033

23.6559	23.9617	23.8520	23.8232

23.6647	23.9685	23.8595	23.8309

23.6506	23.9576	23.8474	23.8185

23.6306	23.9421	23.8304	23.801

23.6674	23.9706	23.8618	23.8332

23.6457	23.9538	23.8433	23.8142

23.6591	23.9642	23.8547	23.826

23.6730	23.9749	23.8666	23.8381

23.6906	23.9885	23.8817	23.8536

23.6001	23.9185	23.8043	23.7743

23.6099	23.9261	23.8126	23.7828

23.5983	23.9172	23.8028	23.7727

23.6041	23.9217	23.8078	23.7778

23.6093	23.9257	23.8122	23.7824

23.5665	23.8925	23.7756	23.7448

24.3121	24.4689	24.4127	24.3979

24.3192	24.4743	24.4187	24.404

24.2790	24.4433	24.3844	24.3689

24.2722	24.4380	24.3786	24.3629

24.3210	24.4758	24.4203	24.4057

24.3176	24.4731	24.4173	24.4026

24.2894	24.4513	24.3932	24.3779

24.3081	24.4658	24.4092	24.3943

24.3085	24.4661	24.4096	24.3947

24.2731	24.4387	24.3793	24.3637

24.2960	24.4564	24.3989	24.3837

24.3128	24.4694	24.4133	24.3985

24.2901	24.4519	24.3939	24.3786

24.2863	24.4489	24.3906	24.3752

24.3354	24.4869	24.4326	24.4183

24.3231	24.4774	24.4221	24.4075

24.3651	24.5098	24.4580	24.4443

24.3266	24.4801	24.4251	24.4106

24.2867	24.4492	24.3909	24.3756

24.0850	24.2934	24.2187	24.199

24.3504	24.4984	24.4453	24.4313

24.3180	24.4734	24.4177	24.403

24.3376	24.4886	24.4345	24.4202

24.3228	24.4771	24.4218	24.4072

24.3106	24.4677	24.4114	24.3965

24.3528	24.5003	24.4474	24.4335

24.3279	24.4811	24.4261	24.4117

24.3746	24.5171	24.4660	24.4525

24.3270	24.4804	24.4254	24.4109

24.3414	24.4915	24.4377	24.4235

24.3555	24.5024	24.4497	24.4358

24.3611	24.5067	24.4545	24.4407

24.3162	24.4720	24.4161	24.4014

24.3311	24.4835	24.4288	24.4144

24.3381	24.4890	24.4349	24.4206

24.3629	24.5081	24.4561	24.4423

24.3470	24.4958	24.4424	24.4284

24.3803	24.5215	24.4709	24.4575

24.3728	24.5157	24.4645	24.451

24.3740	24.5167	24.4655	24.452

24.3881	24.5276	24.4776	24.4644

24.4085	24.5433	24.4950	24.4822

24.3986	24.5356	24.4865	24.4735

24.3722	24.5153	24.4640	24.4505

24.3755	24.5178	24.4668	24.4533

24.3462	24.4952	24.4418	24.4277

24.4014	24.5378	24.4889	24.476

24.3946	24.5326	24.4831	24.4701

24.4015	24.5380	24.4890	24.4761

24.4211	24.5530	24.5057	24.4932

24.4022	24.5385	24.4896	24.4767

24.4127	24.5466	24.4986	24.4859

24.4048	24.5405	24.4918	24.479

24.3735	24.5163	24.4651	24.4516

24.3959	24.5336	24.4843	24.4712

24.4026	24.5388	24.4899	24.4771

24.4097	24.5442	24.4960	24.4833

24.4715	24.5920	24.5488	24.5374

24.4457	24.5720	24.5267	24.5148

24.4700	24.5909	24.5475	24.5361

24.4448	24.5714	24.5260	24.514

24.4735	24.5935	24.5505	24.5391

24.4513	24.5764	24.5315	24.5197

24.4580	24.5815	24.5372	24.5255

24.4779	24.5969	24.5542	24.543

24.4733	24.5934	24.5503	24.539

24.5358	24.6417	24.6037	24.5937

24.4192	24.5516	24.5041	24.4916

24.5427	24.6470	24.6096	24.5997

24.5237	24.6323	24.5933	24.5831

24.5006	24.6144	24.5736	24.5628

24.5131	24.6241	24.5843	24.5738

24.5371	24.6426	24.6048	24.5948

24.5628	24.6625	24.6268	24.6173

24.5310	24.6379	24.5996	24.5895

24.5645	24.6638	24.6282	24.6188

24.5546	24.6562	24.6197	24.6101

24.5832	24.6783	24.6442	24.6352

24.5876	24.6816	24.6479	24.639

24.5828	24.6780	24.6438	24.6348

24.5534	24.6553	24.6187	24.6091

24.5913	24.6845	24.6511	24.6423

24.6374	24.7201	24.6904	24.6826

24.3622	24.5076	24.4555	24.4417

24.4119	24.5459	24.4979	24.4852

24.4697	24.5906	24.5473	24.5358

24.4261	24.5569	24.5100	24.4976

24.4099	24.5444	24.4962	24.4835

24.4340	24.5630	24.5168	24.5046

24.3887	24.5280	24.4781	24.4649

24.3867	24.5265	24.4763	24.4631

24.4503	24.5756	24.5307	24.5188

24.3748	24.5173	24.4662	24.4527

24.4233	24.5547	24.5076	24.4952

24.3923	24.5308	24.4811	24.468

24.3889	24.5282	24.4782	24.4651

24.3764	24.5186	24.4676	24.4542

24.4310	24.5607	24.5142	24.5019

24.4354	24.5641	24.5180	24.5058

24.3810	24.5221	24.4715	24.4582

24.4040	24.5398	24.4911	24.4783

24.3448	24.4941	24.4406	24.4265

24.4156	24.5488	24.5011	24.4885

24.3590	24.5051	24.4527	24.4389

24.3693	24.5130	24.4615	24.4479

24.3464	24.4954	24.4420	24.4279

24.3681	24.5121	24.4605	24.4469

24.4037	24.5396	24.4909	24.478

24.3834	24.5239	24.4735	24.4602

24.3903	24.5293	24.4795	24.4663

24.4678	24.5891	24.5456	24.5341

24.4406	24.5681	24.5224	24.5103

24.4599	24.5830	24.5389	24.5272

24.4149	24.5483	24.5004	24.4878

24.4103	24.5447	24.4965	24.4838

24.3901	24.5291	24.4792	24.4661

24.3831	24.5237	24.4733	24.46

24.4276	24.5581	24.5113	24.499

24.3975	24.5348	24.4856	24.4726

24.3857	24.5257	24.4755	24.4623

24.3818	24.5227	24.4721	24.4588

24.3605	24.5063	24.4540	24.4402

24.3651	24.5098	24.4580	24.4443

24.3224	24.4768	24.4214	24.4068

24.4042	24.5400	24.4913	24.4785

24.3958	24.5336	24.4842	24.4712

24.3905	24.5295	24.4796	24.4665

24.4241	24.5554	24.5083	24.4959

24.4016	24.5380	24.4891	24.4762

24.4322	24.5616	24.5152	24.503

24.4417	24.5690	24.5234	24.5113

24.4221	24.5538	24.5066	24.4941

24.4173	24.5501	24.5025	24.4899

24.4493	24.5748	24.5298	24.5179

24.4125	24.5464	24.4984	24.4857

24.3924	24.5309	24.4812	24.4681

24.3509	24.4988	24.4457	24.4318

24.4157	24.5489	24.5012	24.4886

24.3188	24.4740	24.4184	24.4037

24.3586	24.5048	24.4523	24.4385

24.3653	24.5100	24.4581	24.4444

24.3748	24.5173	24.4662	24.4527

24.3880	24.5275	24.4775	24.4643

24.4212	24.5531	24.5058	24.4933

24.4138	24.5474	24.4995	24.4869

24.3819	24.5228	24.4723	24.459

24.3879	24.5274	24.4774	24.4642

24.3522	24.4998	24.4469	24.4329

24.3855	24.5256	24.4754	24.4621

24.3488	24.4972	24.4440	24.43

24.3885	24.5279	24.4779	24.4647

24.4001	24.5368	24.4878	24.4749

24.3798	24.5212	24.4705	24.4571

24.3889	24.5282	24.4782	24.4651

24.3640	24.5089	24.4570	24.4433

24.3609	24.5066	24.4543	24.4406

24.3393	24.4899	24.4359	24.4217

24.3565	24.5032	24.4506	24.4367

24.3906	24.5295	24.4797	24.4666

24.3235	24.4777	24.4224	24.4078

24.3114	24.4683	24.4120	24.3972

24.3137	24.4701	24.4140	24.3992

24.2725	24.4383	24.3788	24.3632

24.3417	24.4917	24.4379	24.4237

24.9389	24.9529	24.9479	24.9465

24.9849	24.9883	24.9871	24.9867

24.9437	24.9565	24.9519	24.9507

25.0146	25.0113	25.0125	25.0128

24.9845	24.9880	24.9868	24.9864

24.9722	24.9785	24.9762	24.9756

24.9653	24.9732	24.9704	24.9696

24.9709	24.9775	24.9752	24.9745

24.9778	24.9829	24.9810	24.9805

25.0198	25.0153	25.0169	25.0173

24.9840	24.9876	24.9863	24.9859

24.9965	24.9973	24.9970	24.9969

24.9829	24.9868	24.9854	24.985

24.9742	24.9801	24.9780	24.9774

24.9713	24.9778	24.9755	24.9748

25.0036	25.0028	25.0031	25.0031

24.9474	24.9594	24.9551	24.9539

24.9888	24.9913	24.9904	24.9901

24.9756	24.9811	24.9791	24.9786

24.9800	24.9846	24.9829	24.9825

24.9974	24.9980	24.9978	24.9977

24.9941	24.9954	24.9949	24.9948

25.0158	25.0122	25.0135	25.0138

24.9893	24.9918	24.9909	24.9906

25.0216	25.0167	25.0184	25.0189

24.9830	24.9869	24.9855	24.9851

25.0314	25.0242	25.0268	25.0274

24.7525	24.8090	24.7887	24.7834

25.3990	25.3078	25.3405	25.3491

25.3965	25.3059	25.3383	25.3469

25.4130	25.3186	25.3524	25.3613

25.4328	25.3339	25.3694	25.3787

25.4550	25.3510	25.3883	25.3981

25.4318	25.3331	25.3684	25.3777

25.4273	25.3296	25.3646	25.3738

25.4253	25.3280	25.3629	25.372

25.4291	25.3310	25.3662	25.3754

25.4362	25.3365	25.3723	25.3816

25.4593	0	25.3919	25.4256

25.4275	0	25.3648	25.39615

25.4948	0	25.4222	25.4585

25.4597	0	25.3923	25.426

25.4444	0	25.3792	25.4118

25.4563	0	25.3894	25.42285

25.4431	0	25.3782	25.41065

25.4555	0	25.3887	25.4221

25.4759	0	0	25.4759

25.4282	0	0	25.4282

25.4524	0	0	25.4524

25.5314	0	0	25.5314

25.4537	0	0	25.4537

25.4838	0	0	25.4838

25.4933	0	0	25.4933

25.4745	0	0	25.4745

25.4940	0	0	25.494

25.5130	0	0	25.513

25.5783	0	0	25.5783

25.5323	0	0	25.5323

25.5266	0	0	25.5266

25.5404	0	0	25.5404

25.5258	0	0	25.5258

25.5748	0	0	25.5748

25.5848	0	0	25.5848

25.5521	0	0	25.5521

25.5469	0	0	25.5469

25.6054	0	0	25.6054

25.5625	0	0	25.5625

25.5904	0	0	25.5904

25.5972	0	0	25.5972

25.5571	0	0	25.5571

25.6052	0	0	25.6052

25.6020	0	0	25.602

25.5908	0	0	25.5908

25.5973	0	0	25.5973

25.6412	0	0	25.6412

25.5851	0	0	25.5851

25.5858	0	0	25.5858

25.5715	0	0	25.5715

25.5667	0	0	25.5667

25.5812	0	0	25.5812

25.5714	0	0	25.5714

25.5408	0	0	25.5408

25.5724	0	0	25.5724

25.5892	0	0	25.5892

25.5878	0	0	25.5878

25.6059	0	0	25.6059

25.6125	0	0	25.6125

25.6525	0	0	25.6525

25.6878	0	0	25.6878

25.6702	0	0	25.6702

25.6870	0	0	25.687

25.7154	0	0	25.7154

25.7238	0	0	25.7238

25.7360	0	0	25.736

25.7609	0	0	25.7609

25.7474	0	0	25.7474

25.7563	0	0	25.7563

25.8006	0	0	25.8006

25.7600	0	0	25.76

25.7952	0	0	25.7952

25.7697	0	0	25.7697

25.8172	0	0	25.8172

25.8326	0	0	25.8326

25.8006	0	0	25.8006

25.8165	0	0	25.8165

25.8675	0	0	25.8675

25.8481	0	0	25.8481

25.8467	0	0	25.8467

25.8510	0	0	25.851

25.9010	0	0	25.901

25.8958	0	0	25.8958

25.9139	0	0	25.9139

25.9710	0	0	25.971

25.9154	0	0	25.9154

25.9252	0	0	25.9252

25.9361	0	0	25.9361

25.9154	0	0	25.9154

25.9092	0	0	25.9092

25.8982	0	0	25.8982

25.8579	0	0	25.8579

25.8804	0	0	25.8804

25.9015	0	0	25.9015

25.8892	0	0	25.8892

25.9111	0	0	25.9111

25.8938	0	0	25.8938

25.9271	0	0	25.9271

25.8664	0	0	25.8664

25.9313	0	0	25.9313

25.9171	0	0	25.9171

25.9862	0	0	25.9862

25.9104	0	0	25.9104

25.9439	0	0	25.9439

25.9569	0	0	25.9569

25.9978	0	0	25.9978

26.0343	0	0	26.0343

26.1323	0	0	26.1323

26.1040	0	0	26.104

26.1157	0	0	26.1157

26.1010	0	0	26.101

26.1227	0	0	26.1227

26.1395	0	0	26.1395

26.1360	0	0	26.136

26.1360	0	0	26.136

26.1654	0	0	26.1654

26.1478	0	0	26.1478

26.1611	0	0	26.1611

26.1860	0	0	26.186

26.1757	0	0	26.1757

26.2220	0	0	26.222

26.1657	0	0	26.1657

26.2203	0	0	26.2203

26.2925	0	0	26.2925

26.2957	0	0	26.2957

26.2497	0	0	26.2497

26.2914	0	0	26.2914

26.3092	0	0	26.3092

26.2934	0	0	26.2934

26.3488	0	0	26.3488

26.3480	0	0	26.348

26.3640	0	0	26.364

26.3322	0	0	26.3322

26.3629	0	0	26.3629

26.3912	0	0	26.3912

26.3719	0	0	26.3719

26.4157	0	0	26.4157

26.3893	0	0	26.3893

26.3653	0	0	26.3653

26.4172	0	0	26.4172

26.3770	0	0	26.377

26.3671	0	0	26.3671

26.3384	0	0	26.3384

26.3851	0	0	26.3851

26.4055	0	0	26.4055

26.4420	0	0	26.442

26.5047	0	0	26.5047

26.5013	0	0	26.5013

26.4992	0	0	26.4992

26.5165	0	0	26.5165

26.6113	0	0	26.6113

26.6026	0	0	26.6026

26.6064	0	0	26.6064

26.5976	0	0	26.5976

26.6308	0	0	26.6308

26.6487	0	0	26.6487

26.6516	0	0	26.6516

26.6154	0	0	26.6154

26.6225	0	0	26.6225

26.5752	0	0	26.5752

26.6150	0	0	26.615

26.6183	0	0	26.6183

26.6357	0	0	26.6357

26.6392	0	0	26.6392

26.6451	0	0	26.6451

26.6059	0	0	26.6059

26.6302	0	0	26.6302

26.6356	0	0	26.6356

26.7000	0	0	26.7

26.6209	0	0	26.6209

26.6175	0	0	26.6175

26.6132	0	0	26.6132

26.6651	0	0	26.6651

26.6859	0	0	26.6859

26.6401	0	0	26.6401

26.6393	0	0	26.6393

26.6688	0	0	26.6688

26.6701	0	0	26.6701

26.7134	0	0	26.7134

26.7250	0	0	26.725

26.8017	0	0	26.8017

26.8322	0	0	26.8322

26.8434	0	0	26.8434

26.8086	0	0	26.8086

26.8384	0	0	26.8384

26.8718	0	0	26.8718

26.6616	0	0	26.6616

26.6894	0	0	26.6894

26.6844	0	0	26.6844

26.7203	0	0	26.7203

26.7591	0	0	26.7591

26.9682	0	0	26.9682

26.9695	0	0	26.9695

26.9781	0	0	26.9781

27.0086	0	0	27.0086

27.0016	0	0	27.0016

26.7836	0	0	26.7836

26.8378	0	0	26.8378

26.8535	0	0	26.8535

26.8829	0	0	26.8829

26.8910	0	0	26.891

26.8825	0	0	26.8825

26.8778	0	0	26.8778

26.8781	0	0	26.8781

26.8269	0	0	26.8269

26.8714	0	0	26.8714

26.8417	0	0	26.8417

26.8405	0	0	26.8405

26.9097	0	0	26.9097

26.8586	0	0	26.8586

26.8329	0	0	26.8329

26.9745	0	0	26.9745

26.9872	0	0	26.9872

27.0380	0	0	27.038

27.0729	0	0	27.0729

27.0594	0	0	27.0594

26.8644	0	0	26.8644

26.8430	0	0	26.843

26.8932	0	0	26.8932

26.8630	0	0	26.863

26.8743	0	0	26.8743

26.8268	0	0	26.8268

26.8125	0	0	26.8125

26.8280	0	0	26.828

26.7847	0	0	26.7847

26.8091	0	0	26.8091

28.0703	27.3637	27.6166	27.6835

28.0811	27.3720	27.6258	27.6929

28.1383	27.4160	27.6745	27.7429

28.1337	27.4125	27.6706	27.7389

28.1076	27.3924	27.6484	27.7161

28.1900	27.4556	27.7185	27.788

28.1285	27.4085	27.6662	27.7344

28.1484	27.4237	27.6831	27.7517

0	27.4243	27.6837	27.554

0	27.4376	27.6984	27.568

0	27.4554	27.7182	27.5868

0	0	27.7062	27.7062

0	0	27.7797	27.7797

0	0	27.7697	27.7697

0	0	0	NaN

0	0	0	NaN

0	0	0	NaN

0	0	0	NaN

0	0	0	NaN

0	0	0	NaN

0	0	0	NaN

0	0	0	NaN

0	0	0	NaN

0	0	0	NaN

0	0	0	NaN

0	0	0	NaN

0	0	0	NaN

0	0	0	NaN

0	0	0	NaN

0	0	0	NaN

0	0	0	NaN

0	0	0	NaN

0	0	0	NaN

0	0	0	NaN

0	0	0	NaN

0	0	0	NaN

0	0	0	NaN

0	0	0	NaN

0	0	0	NaN

0	0	0	NaN

0	0	0	NaN

0	0	0	NaN

0	0	0	NaN

0	0	0	NaN

0	0	0	NaN

0	0	0	NaN

0	0	0	NaN

0	0	0	NaN

0	0	0	NaN

0	0	0	NaN

0	0	0	NaN

0	0	0	NaN

0	0	0	NaN

0	0	0	NaN

0	0	0	NaN

0	0	0	NaN

0	0	0	NaN

0	0	0	NaN

29.9740	0	0	29.974

29.9618	28.8145	0	29.38815

29.9939	28.8390	0	29.41645

30.0823	28.9067	29.3271	29.4387

30.0213	28.8600	29.2753	29.3855

30.0452	28.8783	29.2956	29.4063

30.1604	28.9666	29.3935	29.5068

30.1025	28.9222	29.3443	29.4563

30.1037	28.9232	29.3453	29.4574

30.1666	28.9713	29.3987	29.5122

30.1298	28.9431	29.3674	29.4801

30.1320	28.9448	29.3693	29.482

30.1591	28.9656	29.3924	29.5057

30.2096	29.0042	29.4352	29.5496

30.2145	29.0080	29.4394	29.5539

30.1846	28.9851	29.4140	29.5279

30.1817	28.9829	29.4115	29.5253

30.2165	29.0095	29.4410	29.5556

30.1861	28.9862	29.4152	29.5291

30.2632	29.0452	29.4807	29.5963

30.2521	29.0368	29.4713	29.5867

30.2244	29.0155	29.4478	29.5625

30.2727	29.0525	29.4888	29.6046

30.3316	29.0976	29.5388	29.656

30.3278	29.0947	29.5356	29.6527

30.3062	29.0781	29.5172	29.6338

30.2962	29.0705	29.5088	29.6251

30.2596	29.0425	29.4777	29.5932

30.3065	29.0784	29.5175	29.6341

30.2773	29.0560	29.4927	29.6086

30.3686	29.1259	29.5702	29.6882

30.3617	29.1206	29.5643	29.6822

30.3981	29.1485	29.5953	29.7139

30.4042	29.1532	29.6005	29.7193

30.3669	29.1247	29.5688	29.6868

30.3968	29.1475	29.5942	29.7128

30.4201	29.1654	29.6140	29.7331

30.4506	29.1887	29.6399	29.7597

30.4822	29.2129	29.6667	29.7872

30.4959	29.2234	29.6783	29.7992

30.5136	29.2369	29.6933	29.8146

30.4847	29.2148	29.6688	29.7894

30.4948	29.2225	29.6774	29.7982

30.5053	29.2305	29.6863	29.8073

30.5634	29.2750	29.7356	29.858

30.5568	29.2699	29.7300	29.8522

30.5710	29.2808	29.7421	29.8646

30.5862	29.2924	29.7550	29.8778

30.6190	29.3175	29.7828	29.9064

30.5875	29.2934	29.7561	29.879

30.6175	29.3164	29.7816	29.9051

30.6262	29.3230	29.7889	29.9127

30.6657	29.3532	29.8224	29.9471

30.6756	29.3609	29.8309	29.9558

30.7160	29.3917	29.8651	29.9909

30.7023	29.3813	29.8535	29.979

30.7449	29.4138	29.8897	30.0161

30.7194	29.3944	29.8681	29.9939

30.7033	29.3821	29.8544	29.9799

30.7488	29.4168	29.8930	30.0195

30.7644	29.4287	29.9062	30.0331

30.7583	29.4241	29.9011	30.0278

30.7301	29.4025	29.8771	30.0032

30.7598	29.4252	29.9023	30.0291

30.7488	29.4168	29.8930	30.0195

30.7119	29.3886	29.8617	29.9874

30.7230	29.3971	29.8711	29.997

30.7579	29.4238	29.9007	30.0274

30.8281	29.4775	29.9603	30.0886

30.8361	29.4836	29.9671	30.0956

30.8667	29.5070	29.9931	30.1222

30.8945	29.5283	30.0166	30.1464

30.6821	29.3658	29.8363	29.9614

30.9011	29.5333	30.0222	30.1522

30.6608	29.3495	29.8183	29.9428

30.8944	29.5282	30.0165	30.1463

30.7146	29.3907	29.8640	29.9897

30.9301	29.5555	30.0468	30.1774

30.7609	29.4261	29.9032	30.03

30.9590	29.5776	30.0714	30.2026

30.7561	29.4224	29.8992	30.0259

30.9839	29.5966	30.0925	30.2243

30.7430	29.4124	29.8880	30.0144

30.9280	29.5539	30.0450	30.1756

30.7552	29.4217	29.8984	30.0251

30.9881	29.5998	30.0961	30.228

30.7344	29.4058	29.8808	30.007

30.9141	29.5432	30.0332	30.1635

30.7331	29.4048	29.8796	30.0058

30.9405	29.5635	30.0557	30.1865

30.7729	29.4353	29.9134	30.0405

30.9275	29.5535	30.0447	30.1752

30.6907	29.3724	29.8437	29.9689

30.9056	29.5368	30.0261	30.1561

30.6824	29.3660	29.8366	29.9616

30.8938	29.5277	30.0160	30.1458

30.6832	29.3666	29.8373	29.9623

30.8857	29.5215	30.0092	30.1388

30.6359	29.3305	29.7972	29.9212

30.8411	29.4875	29.9713	30.0999

30.6333	29.3285	29.7949	29.9189

30.8443	29.4899	29.9740	30.1027

30.6335	29.3286	29.7951	29.919

30.8173	29.4692	29.9511	30.0792

30.7837	29.4435	29.9226	30.0499

30.8121	29.4652	29.9467	30.0746

30.8763	29.5144	30.0012	30.1306

30.6397	29.3334	29.8004	29.9245

30.8437	29.4894	29.9735	30.1022

30.6981	29.3781	29.8500	29.9754

30.9018	29.5339	30.0228	30.1528

30.6436	29.3363	29.8037	29.9278

30.8686	29.5084	29.9946	30.1238

30.7036	29.3823	29.8547	29.9802

30.8690	29.5087	29.9950	30.1242

30.6670	29.3542	29.8235	29.9482

30.8676	29.5077	29.9938	30.123

30.6805	29.3646	29.8350	29.96

30.8559	29.4988	29.9839	30.1128

30.6257	29.3226	29.7885	29.9122

30.8362	29.4837	29.9672	30.0957

30.7000	29.3795	29.8515	29.977

30.8688	29.5086	29.9948	30.124

30.6694	29.3561	29.8256	29.9503

30.8245	29.4747	29.9572	30.0854

30.8615	29.5031	29.9886	30.1177

30.8438	29.4895	29.9736	30.1023

30.6403	29.3338	29.8009	29.925

30.8073	29.4616	29.9426	30.0705

30.8382	29.4852	29.9688	30.0974

30.8545	29.4977	29.9827	30.1116

30.8875	29.5229	30.0107	30.1403

30.7222	29.3965	29.8704	29.9963

30.8905	29.5252	30.0132	30.1429

30.7319	29.4039	29.8786	30.0048

30.9033	29.5350	30.0241	30.1541

30.7419	29.4116	29.8872	30.0135

30.9041	29.5356	30.0248	30.1548

30.7140	29.3902	29.8635	29.9892

30.9113	29.5411	30.0309	30.1611

30.7309	29.4032	29.8778	30.0039

30.8990	29.5317	30.0204	30.1503

30.7153	29.3912	29.8645	29.9903

30.8776	29.5154	30.0023	30.1317

30.6167	29.3158	29.7809	29.9044

30.8900	29.5248	30.0128	30.1425

30.6462	29.3384	29.8059	29.9301

30.7943	29.4517	29.9316	30.0592

30.8042	29.4592	29.9400	30.0678

30.7712	29.4340	29.9120	30.039

30.8045	29.4595	29.9403	30.0681

30.7942	29.4516	29.9315	30.0591

30.7859	29.4452	29.9244	30.0518

30.8334	29.4815	29.9648	30.0932

30.9106	29.5406	30.0303	30.1605

30.8420	29.4882	29.9721	30.1007

30.6322	29.3276	29.7940	29.9179

30.8782	29.5158	30.0028	30.1322

30.6270	29.3236	29.7896	29.9134

30.8152	29.4676	29.9494	30.0774

30.7827	29.4428	29.9218	30.0491

30.8870	29.5226	30.0103	30.1399

30.6284	29.3247	29.7908	29.9146

30.8306	29.4794	29.9624	30.0908

30.6086	29.3096	29.7740	29.8974

30.8265	29.4763	29.9590	30.0872

30.7751	29.4369	29.9153	30.0424

30.8681	29.5080	29.9942	30.1234

30.9028	29.5347	30.0237	30.1537

30.8593	29.5013	29.9867	30.1157

30.8746	29.5130	29.9997	30.1291

30.9283	29.5541	30.0453	30.1759

30.6808	29.3648	29.8353	29.9603

30.8660	29.5065	29.9925	30.1216

30.6199	29.3182	29.7835	29.9072

30.8506	29.4947	29.9794	30.1082

30.6170	29.3160	29.7811	29.9047

30.8254	29.4754	29.9580	30.0862

30.8388	29.4857	29.9693	30.0979

30.8364	29.4839	29.9674	30.0959

30.8691	29.5088	29.9951	30.1243

30.8706	29.5100	29.9963	30.1256

30.6658	29.3533	29.8225	29.9472

30.8628	29.5041	29.9898	30.1189

30.6752	29.3606	29.8305	29.9554

30.8902	29.5250	30.0130	30.1427

30.6739	29.3595	29.8294	29.9542

30.8808	29.5178	30.0050	30.1345

30.6669	29.3542	29.8235	29.9482

30.9044	29.5358	30.0250	30.155

30.6782	29.3628	29.8330	29.958

30.8631	29.5042	29.9899	30.119

30.6561	29.3459	29.8143	29.9387

30.8580	29.5003	29.9856	30.1146

30.6827	29.3662	29.8368	29.9619

30.8371	29.4844	29.9680	30.0965

30.6678	29.3549	29.8242	29.9489

30.8807	29.5177	30.0049	30.1344

30.6605	29.3493	29.8180	29.9426

30.6305	29.3263	29.7925	29.9164

30.5524	29.2666	29.7263	29.8484

30.5138	29.2370	29.6935	29.8147

30.3722	29.1287	29.5733	29.6914

30.3365	29.1014	29.5430	29.6603

30.2861	29.0628	29.5002	29.6163

30.2462	29.0322	29.4663	29.5815

30.1803	28.9818	29.4103	29.5241

30.0358	28.8711	29.2876	29.3981

30.0356	28.8709	29.2874	29.3979

29.9796	28.8281	29.2399	29.3492

29.9364	28.7950	29.2032	29.3115

29.9338	28.7930	29.2009	29.3092

29.8495	28.7285	29.1294	29.2358

29.8143	28.7015	29.0995	29.2051

29.8316	28.7147	29.1141	29.2201

29.7842	28.6784	29.0739	29.1788

29.7773	28.6731	29.0680	29.1728

29.7908	28.6835	29.0795	29.1846

29.8004	28.6908	29.0876	29.1929

29.7912	28.6838	29.0798	29.1849

29.7476	28.6504	29.0428	29.1469

29.7199	28.6292	29.0193	29.1228

29.6938	28.6091	28.9971	29.1

29.6746	28.5945	28.9808	29.0833

29.6577	28.5815	28.9664	29.0685

29.6975	28.6120	29.0002	29.1032

29.5685	28.5132	28.8907	28.9908

29.5461	28.4960	28.8716	28.9712

29.5515	28.5002	28.8762	28.9759

29.4953	28.4571	28.8284	28.9269

29.5817	28.5233	28.9019	29.0023

29.4797	28.4451	28.8152	28.9133

29.4361	28.4117	28.7782	28.8753

29.3757	28.3654	28.7268	28.8226

29.4036	28.3868	28.7505	28.8469

29.3497	28.3455	28.7047	28.7999

29.3555	28.3499	28.7097	28.805

29.3240	28.3258	28.6829	28.7775

29.3457	28.3424	28.7013	28.7964

29.3027	28.3094	28.6648	28.7589

29.2866	28.2971	28.6511	28.7449

29.2546	28.2726	28.6239	28.717

29.2427	28.2634	28.6137	28.7066

29.1695	28.2073	28.5516	28.6428

29.1244	28.1727	28.5132	28.6034

29.0470	28.1133	28.4474	28.5359

29.0807	28.1392	28.4761	28.5653

29.0104	28.0853	28.4163	28.504

28.9706	28.0548	28.3825	28.4693

28.9666	28.0517	28.3791	28.4658

28.9428	28.0335	28.3588	28.445

28.8855	27.9895	28.3101	28.395

28.9373	28.0292	28.3541	28.4402

28.9205	28.0163	28.3399	28.4255

28.8849	27.9890	28.3096	28.3945

28.9263	28.0208	28.3448	28.4306

28.8637	27.9728	28.2915	28.376

28.8971	27.9984	28.3199	28.4051

28.8713	27.9786	28.2980	28.3826

28.8766	27.9827	28.3025	28.3872

28.9578	28.0450	28.3716	28.4581

28.9172	28.0138	28.3370	28.4226

28.8335	27.9496	28.2659	28.3496

28.8511	27.9631	28.2808	28.365

28.8708	27.9782	28.2976	28.3822

28.8515	27.9634	28.2812	28.3653

28.8957	27.9973	28.3188	28.4039

28.7906	27.9167	28.2294	28.3122

28.7752	27.9049	28.2163	28.2988

28.8005	27.9243	28.2378	28.3208

28.7669	27.8985	28.2093	28.2915

28.7381	27.8764	28.1847	28.2664

28.7009	27.8479	28.1531	28.2339

28.7077	27.8531	28.1589	28.2399

28.7188	27.8616	28.1683	28.2495

28.7088	27.8539	28.1598	28.2408

28.6918	27.8409	28.1454	28.226

28.6319	27.7949	28.0945	28.1737

28.6379	27.7995	28.0995	28.1789

28.6156	27.7824	28.0805	28.1595

28.6008	27.7710	28.0680	28.1466

28.5743	27.7507	28.0454	28.1234

28.4833	27.6809	27.9681	28.0441

28.4966	27.6911	27.9793	28.0556

28.5189	27.7082	27.9983	28.0751

28.3946	27.6128	27.8926	27.9666

28.3786	27.6005	27.8789	27.9526

28.3677	27.5921	27.8697	27.9431

28.3457	27.5752	27.8510	27.9239

28.3067	27.5453	27.8178	27.8899

28.2698	27.5170	27.7864	27.8577

28.2346	27.4899	27.7565	27.827

28.2300	27.4864	27.7526	27.823

28.2019	27.4648	27.7286	27.7984

28.1989	27.4625	27.7261	27.7958

28.1914	27.4568	27.7197	27.7893

28.1732	27.4427	27.7042	27.7733
